5.000000
-158.570000 14.720000 7.000000
-87.250000 19.550000 11.000000
-104.430000 20.900000 14.000000
-179.470000 21.950000 13.000000
-166.170000 22.380000 13.000000
-114.600000 26.450000 10.000000
-75.500000 32.750000 14.000000
-138.950000 40.880000 14.000000
-67.780000 43.630000 10.000000
-180.150000 46.880000 7.000000
-117.870000 48.600000 11.000000
-100.350000 48.930000 10.000000
-138.570000 50.030000 14.000000
-159.700000 51.880000 11.000000
-183.220000 54.650000 13.000000
-140.530000 59.750000 10.000000
-181.730000 61.270000 10.000000
-174.920000 67.320000 12.000000
-143.630000 67.630000 15.000000
-161.280000 71.300000 9.000000
