5.000000
-83.250000 19.550000 3.000000
-98.930000 20.900000 3.000000
-93.480000 23.300000 3.000000
-80.120000 24.180000 3.000000
-86.530000 24.730000 3.000000
-105.520000 25.370000 3.000000
-111.100000 26.450000 3.000000
-120.950000 28.250000 3.000000
-116.120000 27.650000 3.000000
-75.500000 32.750000 3.000000
-71.570000 36.250000 3.000000
-127.950000 40.880000 3.000000
-79.170000 43.120000 3.000000
-67.780000 43.630000 3.000000
-73.830000 45.550000 3.000000
-85.870000 46.470000 3.000000
-89.350000 47.470000 3.000000
-119.970000 48.880000 3.000000
-115.770000 48.300000 3.000000
-93.320000 47.900000 3.000000
-100.370000 48.100000 3.000000
-105.130000 48.180000 3.000000
-111.270000 48.550000 3.000000
-124.030000 48.800000 3.000000
-96.850000 48.930000 3.000000
