4.000000
-33.339558 -210.999553 20.000000
-61.757218 -206.438610 29.000000
-54.598225 -200.755783 34.000000
-49.793785 -195.403715 14.000000
-54.727153 -191.040723 18.000000
33.632001 -198.525284 26.000000
-43.103596 -179.966425 15.000000
-32.649959 -174.186444 21.000000
-48.880728 -168.751450 15.000000
-32.832447 -169.839757 12.000000
-29.628994 -165.396368 22.000000
-10.181435 -160.384060 22.000000
3.924023 -164.823939 22.000000
-62.489883 -174.186444 25.000000
-107.293782 -177.129023 24.000000
88.892293 -175.801883 18.000000
215.926652 -166.127026 17.000000
221.682389 -161.290785 29.000000
-23.743709 -160.092087 12.000000
-41.831549 -159.991150 13.000000
-23.378626 -154.913358 15.000000
181.927957 -152.800354 20.000000
-54.760646 -149.971953 22.000000
-22.924806 -147.666883 36.000000
-52.160445 -144.304796 24.000000
-112.615361 -139.398843 18.000000
-10.327529 -138.023659 32.000000
180.775750 -137.737040 12.000000
207.827896 -135.253215 11.000000
206.642774 -128.020766 35.000000
175.906469 -128.794805 18.000000
5.170103 -126.878120 19.000000
-20.967021 -120.949024 34.000000
15.783347 -119.180930 21.000000
179.060698 -119.057936 13.000000
201.847610 -117.679039 20.000000
203.642950 -110.378997 6.000000
-69.164935 -115.659395 44.000000
-10.389964 -114.138589 21.000000
16.504635 -113.973659 12.000000
185.919511 -107.541947 10.000000
189.571595 -102.808583 14.000000
172.994197 -99.012009 12.000000
161.528030 -92.562239 27.000000
177.489456 -86.854327 19.000000
17.107082 -104.844354 19.000000
22.015804 -100.596521 11.000000
37.473554 -94.890122 18.000000
74.969196 -103.498031 22.000000
-47.786796 -103.455172 16.000000
-20.976118 -100.579365 21.000000
194.205841 -97.834491 11.000000
-1.295683 -96.418362 27.000000
-4.021670 -91.471539 18.000000
-27.201870 -91.441505 20.000000
69.893147 -95.192062 17.000000
198.869757 -93.373354 14.000000
16.324309 -90.517973 9.000000
113.225339 -86.641404 16.000000
102.598950 -88.559982 10.000000
131.104228 -87.140529 17.000000
153.708075 -86.261820 21.000000
5.924255 -85.809143 26.000000
83.641188 -84.175734 18.000000
-153.821200 -83.474696 22.000000
-70.328679 -82.728168 28.000000
177.496855 -82.261068 36.000000
130.196790 -81.383111 8.000000
105.535119 -80.909961 24.000000
-50.663154 -76.946977 25.000000
-42.379649 -71.066429 11.000000
-17.480800 -78.767459 33.000000
21.346248 -80.637692 13.000000
92.593308 -78.489379 11.000000
66.146066 -74.771765 23.000000
150.922304 -77.721651 19.000000
153.262713 -73.136767 25.000000
181.330176 -77.396704 6.000000
190.069150 -77.151038 14.000000
104.624859 -75.974920 23.000000
28.920192 -75.698364 34.000000
205.753168 -74.730457 13.000000
93.512167 -73.017900 9.000000
24.951240 -70.512516 21.000000
-71.472692 -70.390803 13.000000
-17.687355 -70.381546 30.000000
109.423961 -70.094331 23.000000
48.846171 -69.076789 18.000000
159.034026 -68.810816 19.000000
-20.129496 -66.190509 20.000000
124.042773 -65.697623 21.000000
182.934152 -65.051142 15.000000
187.234195 -60.049261 21.000000
168.906479 -53.653088 25.000000
-47.344198 -63.842308 17.000000
8.557516 -62.828375 36.000000
-18.604115 -60.560247 16.000000
83.095189 -58.548697 29.000000
85.864205 -50.728477 38.000000
-60.360150 -58.326149 19.000000
-106.383113 -57.450977 16.000000
37.255541 -57.176704 20.000000
39.481687 -51.221759 18.000000
-33.584503 -56.442984 30.000000
-77.406472 -52.412476 18.000000
-12.956027 -52.402048 22.000000
-52.958185 -50.834717 19.000000
-76.467487 -47.816876 15.000000
-97.704920 -47.396376 14.000000
215.398732 -47.215666 16.000000
36.998799 -46.832302 28.000000
2.000729 -46.117369 10.000000
-55.474378 -45.476214 8.000000
-39.100536 -44.354170 23.000000
-100.948305 -42.598257 22.000000
12.456712 -40.965707 19.000000
54.199173 -41.695656 30.000000
152.125646 -41.528783 17.000000
-72.322611 -41.378599 22.000000
-45.836689 -40.134186 13.000000
-3.718071 -39.786977 15.000000
-86.671517 -38.571146 12.000000
149.312018 -36.841934 21.000000
11.343467 -36.316275 15.000000
70.876812 -36.161228 11.000000
32.786660 -35.945114 19.000000
-47.055957 -35.353163 15.000000
-24.068045 -35.352289 22.000000
-62.598491 -34.243764 9.000000
-94.073894 -34.003753 26.000000
320.422049 -33.864230 18.000000
-27.870908 -30.998549 19.000000
-46.926766 -27.052053 19.000000
-43.180719 -22.414240 14.000000
-60.771975 -18.751452 17.000000
-38.854768 -17.953103 18.000000
-34.866782 -13.356780 35.000000
-110.463561 -26.956273 22.000000
-82.783171 -24.750725 17.000000
-88.508186 -20.116078 19.000000
-88.512888 -15.992154 13.000000
-64.081210 -26.294077 16.000000
-120.397929 -18.981320 21.000000
260.461930 -16.920511 18.000000
-114.672354 -14.379139 19.000000
-76.328584 -11.939252 11.000000
-106.977787 -9.411741 21.000000
-85.527724 -5.610624 23.000000
-85.392538 -11.288435 8.000000
162.439312 -7.297111 17.000000
94.681779 -7.292542 42.000000
140.848304 -3.236799 28.000000
-29.147588 -1.724268 32.000000
267.934758 -1.635181 18.000000
-100.344778 -1.332322 22.000000
-65.413545 0.662757 28.000000
92.199119 3.693286 26.000000
238.966504 3.813391 27.000000
-93.388408 3.827463 21.000000
266.574701 6.648788 28.000000
134.015331 9.382998 27.000000
100.393849 16.322795 45.000000
107.913077 22.203043 21.000000
235.717154 9.522531 18.000000
253.951738 12.121616 21.000000
-63.493528 13.627092 30.000000
-70.175921 19.282994 22.000000
-94.265034 29.905650 12.000000
114.576054 33.689716 18.000000
121.583000 38.353714 12.000000
103.454444 44.148768 22.000000
79.590013 47.610763 19.000000
129.864290 42.586054 25.000000
-115.529599 34.827670 25.000000
-90.090655 36.036557 17.000000
134.783622 36.756313 19.000000
-101.149278 40.969147 33.000000
158.678018 41.559529 18.000000
231.165047 42.335620 18.000000
222.032942 47.190000 17.000000
-0.836246 43.886257 18.000000
-22.751744 45.949695 8.000000
133.940294 51.402507 23.000000
138.816135 56.894157 23.000000
89.981515 60.297319 32.000000
81.201554 66.731628 17.000000
102.618335 50.758697 26.000000
-58.438175 48.871326 29.000000
-29.586901 59.248506 24.000000
-34.842027 63.466829 16.000000
192.036460 61.009315 24.000000
122.808758 61.075588 28.000000
181.726013 67.523952 23.000000
116.933265 68.118839 18.000000
118.276518 74.517221 15.000000
186.941044 71.818465 17.000000
165.648917 73.913455 18.000000
177.649971 79.763416 27.000000
181.759631 83.957211 19.000000
158.831636 84.064395 19.000000
158.124847 88.254375 21.000000
144.456340 91.351751 11.000000
172.441737 92.670248 6.000000
14.050599 94.827557 19.000000
57.862776 97.014119 9.000000
21.868947 101.047664 30.000000
170.412831 106.741834 19.000000
51.552612 108.391316 26.000000
139.757035 115.249663 17.000000
142.821567 120.179219 13.000000
141.734861 125.300346 23.000000
167.239695 114.411051 23.000000
32.962311 112.444595 11.000000
15.897657 122.264568 14.000000
14.701152 130.178702 18.000000
12.638424 136.237234 14.000000
-3.769565 142.777963 14.000000
13.365144 146.177019 29.000000
12.732359 140.939183 14.000000
40.025665 120.830723 17.000000
73.681610 129.261492 23.000000
79.137174 133.905355 13.000000
133.487012 137.821019 19.000000
70.166343 140.588441 12.000000
79.526746 152.085381 19.000000
100.788015 158.035689 22.000000
72.302012 156.254252 25.000000
-0.729601 150.519888 15.000000
75.475351 161.500244 24.000000
71.446436 180.757995 19.000000
