5.000000
108.200000 -550.200000 10.000000
92.000000 -544.200000 17.000000
-9.000000 -539.000000 6.000000
53.300000 -536.600000 17.000000
-164.300000 -533.000000 9.000000
-29.600000 -526.700000 20.000000
-51.300000 -525.500000 14.000000
-30.500000 -521.200000 19.000000
-89.200000 -520.200000 12.000000
-47.500000 -519.800000 8.000000
38.500000 -519.500000 7.000000
-63.500000 -515.800000 10.000000
-70.500000 -513.500000 6.000000
98.800000 -505.200000 8.000000
171.000000 -503.000000 9.000000
234.500000 -502.300000 11.000000
-80.500000 -494.000000 11.000000
-75.500000 -488.800000 10.000000
-12.000000 -493.200000 9.000000
-100.000000 -492.500000 14.000000
27.700000 -489.500000 9.000000
-145.800000 -485.800000 8.000000
68.500000 -484.200000 7.000000
-99.000000 -479.800000 9.000000
-44.500000 -478.200000 11.000000
90.200000 -476.000000 10.000000
131.200000 -473.000000 12.000000
111.800000 -468.300000 15.000000
129.500000 -466.500000 8.000000
199.500000 -458.000000 9.000000
-60.700000 -448.200000 9.000000
80.000000 -447.500000 8.000000
194.500000 -445.200000 16.000000
15.700000 -443.800000 3.000000
20.200000 -441.300000 7.000000
34.500000 -437.800000 9.000000
-135.700000 -433.200000 9.000000
-134.800000 -425.000000 10.000000
-54.700000 -431.000000 9.000000
171.500000 -425.800000 8.000000
-143.000000 -422.000000 4.000000
261.800000 -421.200000 6.000000
-11.000000 -411.500000 10.000000
69.500000 -409.200000 11.000000
-28.200000 -409.200000 10.000000
118.800000 -405.500000 10.000000
-45.700000 -401.800000 9.000000
-48.200000 -393.500000 14.000000
-53.500000 -383.800000 20.000000
222.700000 -399.500000 9.000000
-118.700000 -399.500000 11.000000
-114.500000 -392.000000 7.000000
23.700000 -395.000000 5.000000
24.200000 -389.000000 10.000000
-80.300000 -389.000000 9.000000
-26.500000 -384.500000 8.000000
-70.200000 -383.000000 10.000000
79.000000 -382.200000 13.000000
-102.000000 -377.800000 9.000000
166.000000 -374.800000 10.000000
-101.500000 -372.000000 17.000000
-87.200000 -363.500000 8.000000
-43.500000 -362.800000 9.000000
19.000000 -362.800000 10.000000
239.000000 -360.500000 20.000000
-204.800000 -347.000000 12.000000
57.300000 -345.500000 7.000000
217.500000 -341.000000 12.000000
165.200000 -340.200000 10.000000
-50.300000 -339.500000 9.000000
-178.300000 -338.800000 7.000000
-120.200000 -338.000000 8.000000
-190.700000 -335.800000 11.000000
-83.000000 -333.500000 10.000000
-28.700000 -330.500000 11.000000
92.300000 -328.200000 9.000000
-149.500000 -327.500000 14.000000
150.000000 -327.500000 6.000000
-58.800000 -326.000000 8.000000
84.000000 -323.500000 6.000000
-106.500000 -322.000000 12.000000
-91.500000 -322.000000 8.000000
109.000000 -321.500000 4.000000
-80.500000 -317.000000 8.000000
-83.800000 -307.200000 10.000000
-81.000000 -300.300000 8.000000
-4.700000 -314.800000 5.000000
-102.300000 -307.200000 5.000000
169.500000 -302.800000 6.000000
125.500000 -293.800000 7.000000
-223.000000 -290.000000 5.000000
9.700000 -289.200000 9.000000
-140.700000 -283.200000 13.000000
-218.200000 -283.000000 6.000000
-84.000000 -281.800000 9.000000
138.500000 -280.200000 14.000000
79.000000 -278.000000 7.000000
127.200000 -272.000000 8.000000
-48.500000 -270.500000 13.000000
-135.800000 -270.500000 6.000000
-109.200000 -269.000000 10.000000
-98.200000 -265.700000 18.000000
160.500000 -265.200000 12.000000
171.200000 -257.000000 10.000000
28.300000 -263.800000 11.000000
-108.300000 -262.500000 5.000000
-8.300000 -261.500000 9.000000
-99.200000 -259.700000 16.000000
-78.000000 -257.500000 17.000000
-73.500000 -252.000000 9.000000
-115.500000 -256.800000 9.000000
-108.500000 -249.500000 13.000000
121.000000 -256.200000 19.000000
-60.300000 -254.800000 5.000000
88.300000 -251.000000 11.000000
-221.800000 -238.200000 10.000000
-73.500000 -232.200000 9.000000
-159.000000 -231.500000 15.000000
-152.200000 -225.300000 7.000000
151.500000 -230.800000 3.000000
-181.500000 -229.200000 9.000000
96.700000 -228.200000 9.000000
-15.500000 -222.500000 7.000000
78.800000 -222.000000 7.000000
201.400000 -221.200000 18.000000
-170.300000 -218.000000 9.000000
166.400000 -215.900000 6.000000
156.600000 -207.400000 10.000000
109.500000 -213.500000 12.000000
43.200000 -209.100000 11.000000
-6.300000 -206.800000 5.000000
109.600000 -206.200000 11.000000
-90.500000 -205.200000 7.000000
-78.500000 -203.000000 7.000000
174.700000 -201.600000 11.000000
182.700000 -191.600000 12.000000
178.600000 -185.200000 6.000000
65.300000 -201.000000 4.000000
109.400000 -197.200000 8.000000
-106.200000 -185.800000 10.000000
188.100000 -185.700000 7.000000
-187.200000 -183.500000 4.000000
-183.000000 -180.300000 10.000000
-186.000000 -174.500000 9.000000
192.200000 -178.400000 8.000000
184.200000 -171.100000 9.000000
181.500000 -163.600000 8.000000
-257.300000 -176.800000 6.000000
-70.300000 -176.800000 7.000000
218.900000 -176.600000 8.000000
80.000000 -176.300000 8.000000
161.500000 -173.400000 4.000000
229.700000 -172.200000 6.000000
123.400000 -172.000000 10.000000
-123.000000 -170.000000 6.000000
123.600000 -165.900000 9.000000
65.100000 -163.400000 5.000000
-126.700000 -162.800000 15.000000
303.200000 -162.700000 12.000000
2.000000 -161.800000 5.000000
86.300000 -161.200000 6.000000
352.600000 -160.400000 6.000000
-197.500000 -160.200000 11.000000
125.000000 -160.000000 9.000000
17.900000 -159.500000 10.000000
108.600000 -159.500000 6.000000
35.500000 -158.700000 8.000000
-198.500000 -153.700000 9.000000
275.700000 -152.500000 7.000000
-29.200000 -146.000000 6.000000
272.200000 -145.800000 16.000000
139.800000 -141.500000 8.000000
363.200000 -138.300000 8.000000
149.900000 -136.400000 11.000000
-197.300000 -136.200000 15.000000
-183.700000 -126.500000 9.000000
-204.000000 -126.300000 11.000000
-25.300000 -131.800000 13.000000
-30.400000 -123.400000 20.000000
-214.000000 -130.300000 5.000000
-235.500000 -130.200000 16.000000
-234.500000 -123.500000 7.000000
256.400000 -129.100000 11.000000
174.200000 -127.100000 17.000000
179.700000 -119.700000 17.000000
-62.700000 -126.500000 7.000000
244.100000 -124.300000 5.000000
-85.700000 -118.200000 11.000000
-19.500000 -117.800000 6.000000
7.000000 -116.800000 10.000000
-221.700000 -116.000000 7.000000
-150.200000 -115.200000 8.000000
-160.000000 -114.500000 5.000000
-170.500000 -105.500000 14.000000
-173.200000 -99.300000 6.000000
-177.000000 -93.300000 12.000000
-181.000000 -86.800000 14.000000
34.600000 -114.200000 10.000000
181.100000 -114.000000 7.000000
256.100000 -106.500000 11.000000
154.500000 -106.500000 5.000000
-154.000000 -106.200000 8.000000
281.600000 -106.000000 7.000000
-208.800000 -105.500000 8.000000
-208.800000 -98.500000 10.000000
-195.500000 -96.500000 7.000000
101.500000 -105.300000 12.000000
-190.000000 -104.000000 5.000000
-43.300000 -103.200000 7.000000
68.100000 -101.700000 10.000000
252.400000 -101.000000 18.000000
-159.000000 -100.000000 14.000000
8.500000 -98.800000 10.000000
288.900000 -98.700000 11.000000
-160.800000 -93.000000 8.000000
235.300000 -92.000000 10.000000
317.800000 -91.200000 9.000000
173.400000 -89.000000 10.000000
-154.500000 -86.800000 6.000000
253.700000 -86.300000 18.000000
119.600000 -82.300000 12.000000
-134.000000 -80.800000 4.000000
-216.300000 -80.000000 5.000000
13.200000 -80.000000 8.000000
-72.000000 -78.500000 9.000000
149.700000 -74.100000 7.000000
-58.200000 -72.500000 10.000000
336.300000 -72.000000 5.000000
311.000000 -71.600000 7.000000
167.500000 -65.000000 6.000000
168.500000 -58.800000 7.000000
164.500000 -52.500000 9.000000
-247.700000 -64.200000 5.000000
195.300000 -64.100000 6.000000
179.100000 -58.500000 19.000000
10.500000 -62.800000 9.000000
-108.000000 -61.200000 18.000000
-102.200000 -54.300000 10.000000
285.000000 -60.600000 9.000000
-241.800000 -59.000000 8.000000
-147.200000 -50.000000 8.000000
338.300000 -47.500000 5.000000
-86.300000 -43.200000 9.000000
-27.800000 -36.500000 6.000000
-1.200000 -34.200000 4.000000
-1.700000 -28.200000 11.000000
179.500000 -33.700000 10.000000
-76.300000 -32.800000 7.000000
-72.000000 -25.200000 6.000000
-81.000000 -24.500000 6.000000
124.600000 -32.300000 9.000000
190.200000 -31.600000 6.000000
96.000000 -30.100000 9.000000
9.400000 -28.900000 10.000000
-130.500000 -26.000000 9.000000
249.300000 -22.300000 6.000000
81.700000 -22.200000 9.000000
48.000000 -19.200000 12.000000
-118.200000 -16.200000 10.000000
-57.000000 -14.800000 6.000000
-142.000000 -14.800000 11.000000
-159.000000 -14.000000 6.000000
-4.800000 -13.300000 20.000000
-9.000000 -8.000000 15.000000
-23.500000 -0.500000 8.000000
12.700000 -5.800000 6.000000
-180.800000 -9.500000 12.000000
321.800000 -7.200000 14.000000
211.200000 -5.800000 19.000000
211.400000 -0.500000 13.000000
230.000000 2.700000 14.000000
-99.000000 -5.800000 6.000000
243.500000 -3.300000 8.000000
0.000000 -2.500000 8.000000
185.900000 -2.100000 11.000000
159.900000 -1.100000 7.000000
256.000000 0.500000 20.000000
245.700000 5.900000 19.000000
220.200000 11.300000 20.000000
226.900000 17.800000 14.000000
255.000000 13.400000 18.000000
247.700000 16.400000 6.000000
79.700000 1.700000 10.000000
139.100000 19.600000 7.000000
170.600000 19.900000 8.000000
19.300000 21.200000 5.000000
208.200000 21.600000 5.000000
-39.300000 24.900000 8.000000
255.600000 30.300000 6.000000
230.300000 38.100000 11.000000
-78.000000 46.800000 6.000000
268.400000 47.300000 10.000000
223.600000 53.400000 10.000000
-44.200000 55.000000 6.000000
199.900000 56.400000 9.000000
43.500000 60.200000 6.000000
128.900000 64.000000 11.000000
279.300000 68.100000 11.000000
-86.500000 70.000000 11.000000
-72.800000 73.000000 6.000000
-34.500000 75.200000 9.000000
-112.500000 80.500000 9.000000
158.200000 81.500000 9.000000
178.700000 83.100000 9.000000
220.800000 85.500000 12.000000
28.700000 90.000000 18.000000
-160.200000 92.500000 4.000000
33.700000 96.000000 9.000000
-2.500000 99.200000 8.000000
111.100000 100.700000 11.000000
214.900000 105.900000 11.000000
91.400000 110.900000 12.000000
56.100000 112.800000 11.000000
2.300000 113.500000 15.000000
7.000000 119.700000 17.000000
26.800000 121.800000 8.000000
47.500000 115.000000 7.000000
-14.300000 115.800000 9.000000
276.900000 122.300000 8.000000
192.700000 123.000000 5.000000
-87.300000 123.200000 11.000000
164.500000 124.000000 5.000000
7.000000 124.800000 7.000000
225.400000 127.300000 14.000000
-7.900000 127.400000 14.000000
105.300000 135.400000 8.000000
-16.000000 146.500000 8.000000
169.400000 148.400000 9.000000
108.000000 150.900000 11.000000
156.400000 152.700000 8.000000
63.400000 157.400000 9.000000
158.000000 158.600000 11.000000
142.600000 158.800000 7.000000
50.500000 159.200000 7.000000
-77.500000 159.200000 8.000000
109.600000 163.700000 6.000000
3.500000 182.500000 11.000000
153.400000 183.400000 7.000000
232.700000 186.700000 10.000000
-49.700000 196.000000 5.000000
146.500000 196.200000 11.000000
165.200000 202.800000 19.000000
-15.000000 207.200000 9.000000
17.500000 208.800000 4.000000
210.800000 210.400000 9.000000
13.700000 215.200000 13.000000
207.800000 215.600000 20.000000
230.400000 223.200000 17.000000
238.000000 230.000000 7.000000
-52.000000 226.000000 5.000000
83.500000 230.500000 10.000000
245.700000 234.900000 14.000000
-30.800000 235.700000 6.000000
-79.800000 256.000000 14.000000
-29.300000 260.500000 9.000000
-70.300000 261.200000 13.000000
-67.800000 267.000000 8.000000
